3.1415926535897932384626433832795028
84197169399375105820974944592307816
40628620899862803482534211706798214
80865132823066470938446095505822317
25359408128481117450284102701938521
10555964462294895493038196442881097
56659334461284756482337867831652712
01909145648566923460348610454326648
21339360726024914127372458700660631
55881748815209209628292540917153643
67892590360011330530548820466521384
14695194151160943305727036575959195
30921861173819326117931051185480744
62379962749567351885752724891227938
18301194912983367336244065664308602
13949463952247371907021798609437027
70539217176293176752384674818467669
40513200056812714526356082778577134
27577896091736371787214684409012249
53430146549585371050792279689258923
54201995611212902196086403441815981
36297747713099605187072113499999983
72978049951059731732816096318595024
45945534690830264252230825334468503
52619311881710100031378387528865875
33208381420617177669147303598253490
42875546873115956286388235378759375
19577818577805321712268066130019278
76611195909216420198938095257201065
48586327886593615338182796823030195
20353018529689957736225994138912497
21775283479131515574857242454150695
95082953311686172785588907509838175
46374649393192550604009277016711390
09848824012858361603563707660104710
18194295559619894676783744944825537
97747268471040475346462080466842590
69491293313677028989152104752162056
96602405803815019351125338243003558
76402474964732639141992726042699227
96782354781636009341721641219924586
31503028618297455570674983850549458
85869269956909272107975093029553211
65344987202755960236480665499119881
83479775356636980742654252786255181
84175746728909777727938000816470600
16145249192173217214772350141441973
56854816136115735255213347574184946
84385233239073941433345477624168625
18983569485562099219222184272550254
25688767179049460165346680498862723
27917860857843838279679766814541009
53883786360950680064225125205117392
98489608412848862694560424196528502
22106611863067442786220391949450471
23713786960956364371917287467764657
57396241389086583264599581339047802
75900994657640789512694683983525957
09825822620522489407726719478268482
60147699090264013639443745530506820
34962524517493996514314298091906592
50937221696461515709858387410597885
95977297549893016175392846813826868
38689427741559918559252459539594310
49972524680845987273644695848653836
73622262609912460805124388439045124
41365497627807977156914359977001296
16089441694868555848406353422072225
82848864815845602850601684273945226
74676788952521385225499546667278239
86456596116354886230577456498035593
63456817432411251507606947945109659
60940252288797108931456691368672287
48940560101503308617928680920874760
91782493858900971490967598526136554
978189312978482168299894872265880485
756401427047755513237964145152374623
436454285844479526586782105114135473
573952311342716610213596953623144295
248493718711014576540359027993440374
200731057853906219838744780847848968
332144571386875194350643021845319104
848100537061468067491927819119793995
206141966342875444064374512371819217
99983910159195618146751426912397489
409071864942319615679452080951465502
252316038819301420937621378559566389
377870830390697920773467221825625996
615014215030680384477345492026054146
659252014974428507325186660021324340
8819071048633173464965145390579626856
100550810665879699816357473638405257
145910289706414011097120628043903975
951567715770042033786993600723055876
317635942187312514712053292819182618
612586732157919841484882916447060957
527069572209175671167229109816909152
801735067127485832228718352093539657
251210835791513698820914442100675103
346711031412671113699086585163983150
197016515116851714376576183515565088
490998985998238734552833163550764791
853589322618548963213293308985706420
467525907091548141654985946163718027
098199430992448895757128289059232332
609729971208443357326548938239119325
974636673058360414281388303203824903
758985243744170291327656180937734440
307074692112019130203303801976211011
004492932151608424448596376698389522
868478312355265821314495768572624334
418930396864262434107732269780280731
891544110104468232527162010526522721
116603966655730925471105578537634668
206531098965269186205647693125705863
566201855810072936065987648611791045
334885034611365768675324944166803962
657978771855608455296541266540853061
434443185867697514566140680070023787
765913440171274947042056223053899456
131407112700040785473326993908145466
464588079727082668306343285878569830
523580893306575740679545716377525420
211495576158140025012622859413021647
155097925923099079654737612551765675
135751782966645477917450112996148903
046399471329621073404375189573596145
890193897131117904297828564750320319
869151402870808599048010941214722131
794764777262241425485454033215718530
614228813758504306332175182979866223
717215916077166925474873898665494945
011465406284336639379003976926567214
638530673609657120918076383271664162
748888007869256029022847210403172118
608204190004229661711963779213375751
149595015660496318629472654736425230
817703675159067350235072835405670403
867435136222247715891504953098444893
330963408780769325993978054193414473
774418426312986080998886874132604721
569516239658645730216315981931951673
538129741677294786724229246543668009
806769282382806899640048243540370141
631496589794092432378969070697794223
625082216889573837986230015937764716
512289357860158816175578297352334460
428151262720373431465319777741603199
066554187639792933441952154134189948
544473456738316249934191318148092777
710386387734317720754565453220777092
120190516609628049092636019759882816
133231666365286193266863360627356763
035447762803504507772355471058595487
027908143562401451718062464362679456
127531813407833033625423278394497538
243720583531147711992606381334677687
969597030983391307710987040859133746
414428227726346594704745878477872019
277152807317679077071572134447306057
007334924369311383504931631284042512
192565179806941135280131470130478164
378851852909285452011658393419656213
491434159562586586557055269049652098
580338507224264829397285847831630577
775606888764462482468579260395352773
480304802900587607582510474709164396
136267604492562742042083208566119062
545433721315359584506877246029016187
667952406163425225771954291629919306
455377991403734043287526288896399587
947572917464263574552540790914513571
113694109119393251910760208252026187
985318877058429725916778131496990090
192116971737278476847268608490033770
242429165130050051683233643503895170
298939223345172201381280696501178440
874519601212285993716231301711444846
409038906449544400619869075485160263
275052983491874078668088183385102283
345085048608250393021332197155184306
354550076682829493041377655279397517
546139539846833936383047461199665385
815384205685338621867252334028308711
232827892125077126294632295639898989
358211674562701021835646220134967151
881909730381198004973407239610368540
664319395097901906996395524530054505
806855019567302292191393391856803449
039820595510022635353619204199474553
859381023439554495977837790237421617
271117236434354394782218185286240851
400666044332588856986705431547069657
474585503323233421073015459405165537
906866273337995851156257843229882737
231989875714159578111963583300594087
306812160287649628674460477464915995
054973742562690104903778198683593814
657412680492564879855614537234786733
039046883834363465537949864192705638
729317487233208376011230299113679386
270894387993620162951541337142489283
072201269014754668476535761647737946
752004907571555278196536213239264061
601363581559074220202031872776052772
190055614842555187925303435139844253
223415762336106425063904975008656271
095359194658975141310348227693062474
353632569160781547818115284366795706
110861533150445212747392454494542368
288606134084148637767009612071512491
404302725386076482363414334623518975
766452164137679690314950191085759844
239198629164219399490723623464684411
739403265918404437805133389452574239
950829659122850855582157250310712570
126683024029295252201187267675622041
542051618416348475651699981161410100
299607838690929160302884002691041407
928862150784245167090870006992821206
604183718065355672525325675328612910
424877618258297651579598470356222629
348600341587229805349896502262917487
882027342092222453398562647669149055
628425039127577102840279980663658254
889264880254566101729670266407655904
290994568150652653053718294127033693
137851786090407086671149655834343476
933857817113864558736781230145876871
266034891390956200993936103102916161
528813843790990423174733639480457593
149314052976347574811935670911013775
172100803155902485309066920376719220
332290943346768514221447737939375170
344366199104033751117354719185504644
902636551281622882446257591633303910
722538374218214088350865739177150968
288747826569959957449066175834413752
239709683408005355984917541738188399
944697486762655165827658483588453142
775687900290951702835297163445621296
404352311760066510124120065975585127
617858382920419748442360800719304576
189323492292796501987518721272675079
812554709589045563579212210333466974
992356302549478024901141952123828153
091140790738602515227429958180724716
259166854513331239480494707911915326
734302824418604142636395480004480026
704962482017928964766975831832713142
517029692348896276684403232609275249
603579964692565049368183609003238092
934595889706953653494060340216654437
558900456328822505452556405644824651
518754711962184439658253375438856909
411303150952617937800297412076651479
394259029896959469955657612186561967
337862362561252163208628692221032748
892186543648022967807057656151446320
469279068212073883778142335628236089
632080682224680122482611771858963814
091839036736722208883215137556003727
983940041529700287830766709444745601
345564172543709069793961225714298946
715435784687886144458123145935719849
225284716050492212424701412147805734
551050080190869960330276347870810817
545011930714122339086639383395294257
869050764310063835198343893415961318
543475464955697810382930971646514384
070070736041123735998434522516105070
270562352660127648483084076118301305
279320542746286540360367453286510570
658748822569815793678976697422057505
968344086973502014102067235850200724
522563265134105592401902742162484391
403599895353945909440704691209140938
700126456001623742880210927645793106
579229552498872758461012648369998922
56959688159205600101655256375679 ...
Source: The WolframAlpha computational engine
